Matrix 10x10 of random numbers:  74.0  58.0   2.0  44.0  97.0  83.0  27.0  74.0  81.0  55.0
  81.0  75.0  29.0  56.0   7.0  86.0  36.0  48.0  98.0  60.0
  60.0  39.0   4.0  20.0  32.0  20.0   4.0  27.0  69.0  88.0
  68.0  95.0  46.0  22.0  91.0  95.0   6.0  71.0  22.0  87.0
  26.0   3.0  62.0   7.0  11.0  21.0  93.0   0.0  69.0  91.0
  60.0  81.0  83.0  65.0  53.0  15.0  85.0  58.0  42.0   6.0
  46.0  63.0   2.0  44.0  85.0  93.0  91.0  43.0  64.0  13.0
  83.0  42.0  16.0  97.0  49.0  80.0  19.0  42.0  80.0  40.0
  86.0  40.0  22.0  69.0  57.0  75.0  36.0  43.0  85.0  31.0
   1.0  31.0  46.0   3.0  27.0  83.0  49.0  19.0  27.0  65.0

Matrix 10x10 of numbers sorted in descending order:  86.0  95.0  83.0  97.0  97.0  95.0  93.0  74.0  98.0  91.0
  83.0  81.0  62.0  69.0  91.0  93.0  91.0  71.0  85.0  88.0
  81.0  75.0  46.0  65.0  85.0  86.0  85.0  58.0  81.0  87.0
  74.0  63.0  46.0  56.0  57.0  83.0  49.0  48.0  80.0  65.0
  68.0  58.0  29.0  44.0  53.0  83.0  36.0  43.0  69.0  60.0
  60.0  42.0  22.0  44.0  49.0  80.0  36.0  43.0  69.0  55.0
  60.0  40.0  16.0  22.0  32.0  75.0  27.0  42.0  64.0  40.0
  46.0  39.0   4.0  20.0  27.0  21.0  19.0  27.0  42.0  31.0
  26.0  31.0   2.0   7.0  11.0  20.0   6.0  19.0  27.0  13.0
   1.0   3.0   2.0   3.0   7.0  15.0   4.0   0.0  22.0   6.0

