    159   -172    105    173     77    194    187    158   -150     73 

     41    -39    -33     28   -126    -86     26    118   -104    -98 

     11   -119     92    -72    128   -152   -110     46    -46   -197 

   -113    147   -169    105    191   -100    -90    -44      5    100 

     86   -155    -98     16    156   -182    156     30     57   -116 

    139   -169    -78    -88   -129   -198   -117    189   -184    -83 

    113    -37     93   -168     51     63     90   -187     70    -58 

    -27   -171     83    -19    134    144     36    181     58    -47 

   -146    187   -153     95    -47     29   -172    -42    175    150 

     19     87   -167   -170    173    -47    146   -164    -81    -15 