Sorted matrix:
   194.0   187.0   173.0   159.0   158.0   105.0    77.0    73.0  -150.0  -172.0
   118.0    41.0    28.0    26.0   -33.0   -39.0   -86.0   -98.0  -104.0  -126.0
   128.0    92.0    46.0    11.0   -46.0   -72.0  -110.0  -119.0  -152.0  -197.0
   191.0   147.0   105.0   100.0     5.0   -44.0   -90.0  -100.0  -113.0  -169.0
   156.0   156.0    86.0    57.0    30.0    16.0   -98.0  -116.0  -155.0  -182.0
   189.0   139.0   -78.0   -83.0   -88.0  -117.0  -129.0  -169.0  -184.0  -198.0
   113.0    93.0    90.0    70.0    63.0    51.0   -37.0   -58.0  -168.0  -187.0
   181.0   144.0   134.0    83.0    58.0    36.0   -19.0   -27.0   -47.0  -171.0
   187.0   175.0   150.0    95.0    29.0   -42.0   -47.0  -146.0  -153.0  -172.0
   173.0   146.0    87.0    19.0   -15.0   -47.0   -81.0  -164.0  -167.0  -170.0
Under main diagonal, col min:
   191.0   175.0   150.0    95.0    63.0    51.0   -19.0  -146.0  -167.0     nan
Product value:
   -7.089571e+17