Sorted matrix:
   178.0   162.0   162.0   158.0   157.0   151.0   150.0   146.0   145.0   141.0
   137.0   132.0   126.0   122.0   119.0   119.0   118.0   113.0   113.0   109.0
   106.0   105.0   100.0   100.0    99.0    97.0    96.0    95.0    91.0    88.0
    84.0    82.0    65.0    61.0    48.0    41.0    40.0    40.0    37.0    36.0
    35.0    34.0    33.0    32.0    31.0    30.0    28.0    25.0    21.0    19.0
    16.0    14.0    14.0     1.0    -2.0   -13.0   -15.0   -17.0   -23.0   -26.0
   -29.0   -34.0   -41.0   -42.0   -42.0   -44.0   -44.0   -45.0   -49.0   -57.0
   -59.0   -59.0   -64.0   -66.0   -66.0   -66.0   -75.0   -79.0   -80.0   -91.0
   -96.0   -96.0   -98.0  -103.0  -116.0  -117.0  -118.0  -129.0  -129.0  -130.0
  -141.0  -143.0  -145.0  -152.0  -153.0  -156.0  -157.0  -165.0  -176.0  -178.0
Under main diagonal, rows sums:
     nan   137.0   211.0   231.0   134.0    43.0  -232.0  -455.0  -873.0 -1388.0
Product value:
    4.921430e+21