    -130    151     33   -152     82      1    162    -34    -49    -44 

    -75   -157     88   -118    -17     65    -64    -29    -66   -129 

     97    -79     41     37    -59    100     91    137   -153     61 

     99    -59   -103   -141    119     16    178    -98   -176     30 

   -129    -23    119     40    -42   -117    113    -44    162     19 

    122    -41     25     40    -80    109    100     14     31    -45 

    -15     95   -156    -96    105    106    150    118   -165     14 

    -91    113    145     36    132   -145    -42     34    126   -116 

     96    157     -2     21     32     48     35    158     84   -143 

    -66    -57    -66    -13    -96   -178     28    -26    146    141 